ЭНЕРГОВЫДЕЛЕНИЕ, МЭВ__ СВЕТОВЫХОД ФОТОН 
YAP = 6389.02 МэВ,  1.59726e+08
LaBr = 5658.54 МэВ,  3.56488e+08
CeBr = 6142.69 МэВ,  3.68561e+08
LYSO = 7772.85 МэВ,  1.94321e+08
LSO = 8066.04 МэВ,  2.17783e+08
LAO = 8330.67 МэВ,  8.33067e+07
